{
 "cells": [
  {
   "cell_type": "code",
   "execution_count": 1,
   "metadata": {
    "id": "8iGrzMXAE9OS"
   },
   "outputs": [],
   "source": [
    "import numpy as np\n",
    "import matplotlib.pyplot as plt\n",
    "import copy"
   ]
  },
  {
   "cell_type": "markdown",
   "metadata": {
    "id": "Xj3FmuAcE9OW"
   },
   "source": [
    "# Poisson Equations"
   ]
  },
  {
   "cell_type": "markdown",
   "metadata": {
    "id": "yYnvZe7TE9OX"
   },
   "source": [
    "<font  face=Times color=darkblue size=3> In this notebook, we discuss computational methods to solve Poisson equation: $$\\Delta \\phi (\\vec x_{\\vec r})=-\\frac{1}{\\epsilon_0}\\rho(\\vec x_{\\vec r}).$$ After discretization through the centered three-point formula in each direction, it has a form: $$\\phi (\\vec x_{\\vec r})=\\frac{1}{2d}\\sum_1^d[\\phi (\\vec x_{\\vec r+h\\vec e_i})+\\phi (\\vec x_{\\vec r-h\\vec e_i})]+\\frac{h^2}{2d\\epsilon_0}\\rho(\\vec x_{\\vec r}).$$\n",
    "    For simplicity, we set the time spacing $h=1$, $\\epsilon_0=1$ and we consider $N\\times N$ two-dimensional cases($d=2$ and including the boundary) with the initial condition and charge density defined as below. We use Dirichlet boundary conditions: $\\phi(\\vec{x}_\\vec{r}) =0$ for $\\vec{x}_\\vec{r}\\in \\partial V$."
   ]
  },
  {
   "cell_type": "code",
   "execution_count": 2,
   "metadata": {
    "id": "jgR7031qE9OX"
   },
   "outputs": [],
   "source": [
    "### you can change the initial conditions in this cell for all methods below, including N and the charge_density\n",
    "\n",
    "N=30 #2 of N are boundaries\n",
    "d=2\n",
    "epsilon=1\n",
    "h=1\n",
    "#initial condition\n",
    "potential_initial=np.zeros((N,N)) #this includes boundary=0\n",
    "charge_density=np.ones((N,N))   #uniform distribution for introduction of the methods"
   ]
  },
  {
   "cell_type": "markdown",
   "metadata": {
    "id": "a2EBIvnWE9OY"
   },
   "source": [
    "## Jacobi Relaxation"
   ]
  },
  {
   "cell_type": "markdown",
   "metadata": {
    "id": "YH2_iM2fE9OY"
   },
   "source": [
    "<font  face=Times color=darkblue size=3> We use the discretized formula to iteratively compute new $\\phi$ and replace the old values by new ones until $\\delta \\phi={\\rm max}_{\\vec r}|\\phi^{\\rm new}(\\vec x_{\\vec r})-\\phi(\\vec x_{\\vec r})|$ is no larger than the specified bound which is defined below."
   ]
  },
  {
   "cell_type": "code",
   "execution_count": 3,
   "metadata": {
    "id": "T9YQbgvFE9OZ"
   },
   "outputs": [],
   "source": [
    "def jacobi_relaxation(bound_jr):\n",
    "    iterations=0\n",
    "    potential_here=copy.deepcopy(potential_initial)\n",
    "    while True:\n",
    "        iterations+=1\n",
    "        potential_new=copy.deepcopy(potential_here)  #set phi_new\n",
    "        for i in range(1,N-1):\n",
    "            for j in range(1,N-1): # simulate all N-2*N-2 sites using discretized poisson equation, no simulation for boundary \n",
    "                left_index=i-h\n",
    "                right_index=i+h\n",
    "                up_index=j+h\n",
    "                down_index=j-h\n",
    "                potential_new[i,j]=(1/(2*d))*(potential_here[i,up_index]+potential_here[i,down_index]+potential_here[right_index,j]\n",
    "                                              +potential_here[left_index,j])+(h**2/(2*d*epsilon))*charge_density[i,j] \n",
    "        max_delta=np.max(np.abs(potential_new-potential_here)) # compute delta_phi\n",
    "        if max_delta <= bound_jr:\n",
    "            break\n",
    "        else:\n",
    "            potential_here=copy.deepcopy(potential_new)\n",
    "        #print(iterations,max_delta)\n",
    "    return iterations,potential_new"
   ]
  },
  {
   "cell_type": "code",
   "execution_count": 4,
   "metadata": {
    "id": "yc7mDc12E9Oa"
   },
   "outputs": [],
   "source": [
    "iterations_jr,potential_jr=jacobi_relaxation(0.0001)"
   ]
  },
  {
   "cell_type": "code",
   "execution_count": 5,
   "metadata": {
    "colab": {
     "base_uri": "https://localhost:8080/"
    },
    "id": "igQKOl4yE9Ob",
    "outputId": "4314579d-1765-49df-eb5a-63dce8d3a16b"
   },
   "outputs": [
    {
     "data": {
      "text/plain": [
       "1414"
      ]
     },
     "execution_count": 5,
     "metadata": {},
     "output_type": "execute_result"
    }
   ],
   "source": [
    "iterations_jr #iterations_needed"
   ]
  },
  {
   "cell_type": "code",
   "execution_count": 6,
   "metadata": {
    "colab": {
     "base_uri": "https://localhost:8080/"
    },
    "id": "uqx2M7dME9Od",
    "outputId": "473b3e40-64b5-41ad-9805-3c6871b7188b",
    "scrolled": true
   },
   "outputs": [
    {
     "data": {
      "text/plain": [
       "array([[ 0.        ,  0.        ,  0.        ,  0.        ,  0.        ,\n",
       "         0.        ,  0.        ,  0.        ,  0.        ,  0.        ,\n",
       "         0.        ,  0.        ,  0.        ,  0.        ,  0.        ,\n",
       "         0.        ,  0.        ,  0.        ,  0.        ,  0.        ,\n",
       "         0.        ,  0.        ,  0.        ,  0.        ,  0.        ,\n",
       "         0.        ,  0.        ,  0.        ,  0.        ,  0.        ],\n",
       "       [ 0.        ,  1.96119782,  3.42239795,  4.58122979,  5.53057683,\n",
       "         6.32118121,  6.98415783,  7.54021951,  8.00394385,  8.38596137,\n",
       "         8.69417363,  8.93447486,  9.11119792,  9.2273961 ,  9.28501966,\n",
       "         9.28501966,  9.2273961 ,  9.11119792,  8.93447486,  8.69417363,\n",
       "         8.38596137,  8.00394385,  7.54021951,  6.98415783,  6.32118121,\n",
       "         5.53057683,  4.58122979,  3.42239795,  1.96119782,  0.        ],\n",
       "       [ 0.        ,  3.42239795,  6.14717342,  8.37195806, 10.21991435,\n",
       "        11.77001229, 13.07525657, 14.17280584, 15.08962723, 15.8457635 ,\n",
       "        16.45629621, 16.93256773, 17.28296207, 17.51340915, 17.62770571,\n",
       "        17.62770571, 17.51340915, 17.28296207, 16.93256773, 16.45629621,\n",
       "        15.8457635 , 15.08962723, 14.17280584, 13.07525657, 11.77001229,\n",
       "        10.21991435,  8.37195806,  6.14717342,  3.42239795,  0.        ],\n",
       "       [ 0.        ,  4.58122979,  8.37195806, 11.53954193, 14.20714603,\n",
       "        16.46374099, 18.37410195, 19.98617872, 21.33606073, 22.4512398 ,\n",
       "        23.35275533, 24.05661702, 24.57475566, 24.91565689, 25.0847735 ,\n",
       "        25.0847735 , 24.91565689, 24.57475566, 24.05661702, 23.35275533,\n",
       "        22.4512398 , 21.33606073, 19.98617872, 18.37410195, 16.46374099,\n",
       "        14.20714603, 11.53954193,  8.37195806,  4.58122979,  0.        ],\n",
       "       [ 0.        ,  5.53057683, 10.21991435, 14.20714603, 17.60544003,\n",
       "        20.50376901, 22.97130819, 25.06183349, 26.81729372, 28.27048451,\n",
       "        29.44698021, 30.36650706, 31.04390872, 31.48981429, 31.71108439,\n",
       "        31.71108439, 31.48981429, 31.04390872, 30.36650706, 29.44698021,\n",
       "        28.27048451, 26.81729372, 25.06183349, 22.97130819, 20.50376901,\n",
       "        17.60544003, 14.20714603, 10.21991435,  5.53057683,  0.        ],\n",
       "       [ 0.        ,  6.32118121, 11.77001229, 16.46374099, 20.50376901,\n",
       "        23.97467271, 26.94562914, 29.47266791, 31.60092312, 33.36656219,\n",
       "        34.79832113, 35.91867705, 36.7447184 , 37.28877158, 37.55883172,\n",
       "        37.55883172, 37.28877158, 36.7447184 , 35.91867705, 34.79832113,\n",
       "        33.36656219, 31.60092312, 29.47266791, 26.94562914, 23.97467271,\n",
       "        20.50376901, 16.46374099, 11.77001229,  6.32118121,  0.        ],\n",
       "       [ 0.        ,  6.98415783, 13.07525657, 18.37410195, 22.97130819,\n",
       "        26.94562914, 30.36399153, 33.28242658, 35.74732455, 37.79668933,\n",
       "        39.46124579, 40.76535165, 41.72771334, 42.36192379, 42.67684345,\n",
       "        42.67684345, 42.36192379, 41.72771334, 40.76535165, 39.46124579,\n",
       "        37.79668933, 35.74732455, 33.28242658, 30.36399153, 26.94562914,\n",
       "        22.97130819, 18.37410195, 13.07525657,  6.98415783,  0.        ],\n",
       "       [ 0.        ,  7.54021951, 14.17280584, 19.98617872, 25.06183349,\n",
       "        29.47266791, 33.28242658, 36.54588746, 39.30944217, 41.61182353,\n",
       "        43.48483322, 44.95399346, 46.03909089, 46.75460373, 47.11001461,\n",
       "        47.11001461, 46.75460373, 46.03909089, 44.95399346, 43.48483322,\n",
       "        41.61182353, 39.30944217, 36.54588746, 33.28242658, 29.47266791,\n",
       "        25.06183349, 19.98617872, 14.17280584,  7.54021951,  0.        ],\n",
       "       [ 0.        ,  8.00394385, 15.08962723, 21.33606073, 26.81729372,\n",
       "        31.60092312, 35.74732455, 39.30944217, 42.33294109, 44.85655526,\n",
       "        46.91251116, 48.52695158, 49.72031594, 50.50765488, 50.89886912,\n",
       "        50.89886912, 50.50765488, 49.72031594, 48.52695158, 46.91251116,\n",
       "        44.85655526, 42.33294109, 39.30944217, 35.74732455, 31.60092312,\n",
       "        26.81729372, 21.33606073, 15.08962723,  8.00394385,  0.        ],\n",
       "       [ 0.        ,  8.38596137, 15.8457635 , 22.4512398 , 28.27048451,\n",
       "        33.36656219, 37.79668933, 41.61182353, 44.85655526, 47.56919555,\n",
       "        49.78197175, 51.52126667, 52.8078578 , 53.65712917, 54.07923983,\n",
       "        54.07923983, 53.65712917, 52.8078578 , 51.52126667, 49.78197175,\n",
       "        47.56919555, 44.85655526, 41.61182353, 37.79668933, 33.36656219,\n",
       "        28.27048451, 22.4512398 , 15.8457635 ,  8.38596137,  0.        ],\n",
       "       [ 0.        ,  8.69417363, 16.45629621, 23.35275533, 29.44698021,\n",
       "        34.79832113, 39.46124579, 43.48483322, 46.91251116, 49.78197175,\n",
       "        52.12520377, 53.96859065, 55.33303585, 56.23408824, 56.68204911,\n",
       "        56.68204911, 56.23408824, 55.33303585, 53.96859065, 52.12520377,\n",
       "        49.78197175, 46.91251116, 43.48483322, 39.46124579, 34.79832113,\n",
       "        29.44698021, 23.35275533, 16.45629621,  8.69417363,  0.        ],\n",
       "       [ 0.        ,  8.93447486, 16.93256773, 24.05661702, 30.36650706,\n",
       "        35.91867705, 40.76535165, 44.95399346, 48.52695158, 51.52126667,\n",
       "        53.96859065, 55.89518196, 57.32194448, 58.26448476, 58.73316931,\n",
       "        58.73316931, 58.26448476, 57.32194448, 55.89518196, 53.96859065,\n",
       "        51.52126667, 48.52695158, 44.95399346, 40.76535165, 35.91867705,\n",
       "        30.36650706, 24.05661702, 16.93256773,  8.93447486,  0.        ],\n",
       "       [ 0.        ,  9.11119792, 17.28296207, 24.57475566, 31.04390872,\n",
       "        36.7447184 , 41.72771334, 46.03909089, 49.72031594, 52.8078578 ,\n",
       "        55.33303585, 57.32194448, 58.79543051, 59.76910073, 60.25334212,\n",
       "        60.25334212, 59.76910073, 58.79543051, 57.32194448, 55.33303585,\n",
       "        52.8078578 , 49.72031594, 46.03909089, 41.72771334, 36.7447184 ,\n",
       "        31.04390872, 24.57475566, 17.28296207,  9.11119792,  0.        ],\n",
       "       [ 0.        ,  9.2273961 , 17.51340915, 24.91565689, 31.48981429,\n",
       "        37.28877158, 42.36192379, 46.75460373, 50.50765488, 53.65712917,\n",
       "        56.23408824, 58.26448476, 59.76910073, 60.76352281, 61.25813808,\n",
       "        61.25813808, 60.76352281, 59.76910073, 58.26448476, 56.23408824,\n",
       "        53.65712917, 50.50765488, 46.75460373, 42.36192379, 37.28877158,\n",
       "        31.48981429, 24.91565689, 17.51340915,  9.2273961 ,  0.        ],\n",
       "       [ 0.        ,  9.28501966, 17.62770571, 25.0847735 , 31.71108439,\n",
       "        37.55883172, 42.67684345, 47.11001461, 50.89886912, 54.07923983,\n",
       "        56.68204911, 58.73316931, 60.25334212, 61.25813808, 61.75794027,\n",
       "        61.75794027, 61.25813808, 60.25334212, 58.73316931, 56.68204911,\n",
       "        54.07923983, 50.89886912, 47.11001461, 42.67684345, 37.55883172,\n",
       "        31.71108439, 25.0847735 , 17.62770571,  9.28501966,  0.        ],\n",
       "       [ 0.        ,  9.28501966, 17.62770571, 25.0847735 , 31.71108439,\n",
       "        37.55883172, 42.67684345, 47.11001461, 50.89886912, 54.07923983,\n",
       "        56.68204911, 58.73316931, 60.25334212, 61.25813808, 61.75794027,\n",
       "        61.75794027, 61.25813808, 60.25334212, 58.73316931, 56.68204911,\n",
       "        54.07923983, 50.89886912, 47.11001461, 42.67684345, 37.55883172,\n",
       "        31.71108439, 25.0847735 , 17.62770571,  9.28501966,  0.        ],\n",
       "       [ 0.        ,  9.2273961 , 17.51340915, 24.91565689, 31.48981429,\n",
       "        37.28877158, 42.36192379, 46.75460373, 50.50765488, 53.65712917,\n",
       "        56.23408824, 58.26448476, 59.76910073, 60.76352281, 61.25813808,\n",
       "        61.25813808, 60.76352281, 59.76910073, 58.26448476, 56.23408824,\n",
       "        53.65712917, 50.50765488, 46.75460373, 42.36192379, 37.28877158,\n",
       "        31.48981429, 24.91565689, 17.51340915,  9.2273961 ,  0.        ],\n",
       "       [ 0.        ,  9.11119792, 17.28296207, 24.57475566, 31.04390872,\n",
       "        36.7447184 , 41.72771334, 46.03909089, 49.72031594, 52.8078578 ,\n",
       "        55.33303585, 57.32194448, 58.79543051, 59.76910073, 60.25334212,\n",
       "        60.25334212, 59.76910073, 58.79543051, 57.32194448, 55.33303585,\n",
       "        52.8078578 , 49.72031594, 46.03909089, 41.72771334, 36.7447184 ,\n",
       "        31.04390872, 24.57475566, 17.28296207,  9.11119792,  0.        ],\n",
       "       [ 0.        ,  8.93447486, 16.93256773, 24.05661702, 30.36650706,\n",
       "        35.91867705, 40.76535165, 44.95399346, 48.52695158, 51.52126667,\n",
       "        53.96859065, 55.89518196, 57.32194448, 58.26448476, 58.73316931,\n",
       "        58.73316931, 58.26448476, 57.32194448, 55.89518196, 53.96859065,\n",
       "        51.52126667, 48.52695158, 44.95399346, 40.76535165, 35.91867705,\n",
       "        30.36650706, 24.05661702, 16.93256773,  8.93447486,  0.        ],\n",
       "       [ 0.        ,  8.69417363, 16.45629621, 23.35275533, 29.44698021,\n",
       "        34.79832113, 39.46124579, 43.48483322, 46.91251116, 49.78197175,\n",
       "        52.12520377, 53.96859065, 55.33303585, 56.23408824, 56.68204911,\n",
       "        56.68204911, 56.23408824, 55.33303585, 53.96859065, 52.12520377,\n",
       "        49.78197175, 46.91251116, 43.48483322, 39.46124579, 34.79832113,\n",
       "        29.44698021, 23.35275533, 16.45629621,  8.69417363,  0.        ],\n",
       "       [ 0.        ,  8.38596137, 15.8457635 , 22.4512398 , 28.27048451,\n",
       "        33.36656219, 37.79668933, 41.61182353, 44.85655526, 47.56919555,\n",
       "        49.78197175, 51.52126667, 52.8078578 , 53.65712917, 54.07923983,\n",
       "        54.07923983, 53.65712917, 52.8078578 , 51.52126667, 49.78197175,\n",
       "        47.56919555, 44.85655526, 41.61182353, 37.79668933, 33.36656219,\n",
       "        28.27048451, 22.4512398 , 15.8457635 ,  8.38596137,  0.        ],\n",
       "       [ 0.        ,  8.00394385, 15.08962723, 21.33606073, 26.81729372,\n",
       "        31.60092312, 35.74732455, 39.30944217, 42.33294109, 44.85655526,\n",
       "        46.91251116, 48.52695158, 49.72031594, 50.50765488, 50.89886912,\n",
       "        50.89886912, 50.50765488, 49.72031594, 48.52695158, 46.91251116,\n",
       "        44.85655526, 42.33294109, 39.30944217, 35.74732455, 31.60092312,\n",
       "        26.81729372, 21.33606073, 15.08962723,  8.00394385,  0.        ],\n",
       "       [ 0.        ,  7.54021951, 14.17280584, 19.98617872, 25.06183349,\n",
       "        29.47266791, 33.28242658, 36.54588746, 39.30944217, 41.61182353,\n",
       "        43.48483322, 44.95399346, 46.03909089, 46.75460373, 47.11001461,\n",
       "        47.11001461, 46.75460373, 46.03909089, 44.95399346, 43.48483322,\n",
       "        41.61182353, 39.30944217, 36.54588746, 33.28242658, 29.47266791,\n",
       "        25.06183349, 19.98617872, 14.17280584,  7.54021951,  0.        ],\n",
       "       [ 0.        ,  6.98415783, 13.07525657, 18.37410195, 22.97130819,\n",
       "        26.94562914, 30.36399153, 33.28242658, 35.74732455, 37.79668933,\n",
       "        39.46124579, 40.76535165, 41.72771334, 42.36192379, 42.67684345,\n",
       "        42.67684345, 42.36192379, 41.72771334, 40.76535165, 39.46124579,\n",
       "        37.79668933, 35.74732455, 33.28242658, 30.36399153, 26.94562914,\n",
       "        22.97130819, 18.37410195, 13.07525657,  6.98415783,  0.        ],\n",
       "       [ 0.        ,  6.32118121, 11.77001229, 16.46374099, 20.50376901,\n",
       "        23.97467271, 26.94562914, 29.47266791, 31.60092312, 33.36656219,\n",
       "        34.79832113, 35.91867705, 36.7447184 , 37.28877158, 37.55883172,\n",
       "        37.55883172, 37.28877158, 36.7447184 , 35.91867705, 34.79832113,\n",
       "        33.36656219, 31.60092312, 29.47266791, 26.94562914, 23.97467271,\n",
       "        20.50376901, 16.46374099, 11.77001229,  6.32118121,  0.        ],\n",
       "       [ 0.        ,  5.53057683, 10.21991435, 14.20714603, 17.60544003,\n",
       "        20.50376901, 22.97130819, 25.06183349, 26.81729372, 28.27048451,\n",
       "        29.44698021, 30.36650706, 31.04390872, 31.48981429, 31.71108439,\n",
       "        31.71108439, 31.48981429, 31.04390872, 30.36650706, 29.44698021,\n",
       "        28.27048451, 26.81729372, 25.06183349, 22.97130819, 20.50376901,\n",
       "        17.60544003, 14.20714603, 10.21991435,  5.53057683,  0.        ],\n",
       "       [ 0.        ,  4.58122979,  8.37195806, 11.53954193, 14.20714603,\n",
       "        16.46374099, 18.37410195, 19.98617872, 21.33606073, 22.4512398 ,\n",
       "        23.35275533, 24.05661702, 24.57475566, 24.91565689, 25.0847735 ,\n",
       "        25.0847735 , 24.91565689, 24.57475566, 24.05661702, 23.35275533,\n",
       "        22.4512398 , 21.33606073, 19.98617872, 18.37410195, 16.46374099,\n",
       "        14.20714603, 11.53954193,  8.37195806,  4.58122979,  0.        ],\n",
       "       [ 0.        ,  3.42239795,  6.14717342,  8.37195806, 10.21991435,\n",
       "        11.77001229, 13.07525657, 14.17280584, 15.08962723, 15.8457635 ,\n",
       "        16.45629621, 16.93256773, 17.28296207, 17.51340915, 17.62770571,\n",
       "        17.62770571, 17.51340915, 17.28296207, 16.93256773, 16.45629621,\n",
       "        15.8457635 , 15.08962723, 14.17280584, 13.07525657, 11.77001229,\n",
       "        10.21991435,  8.37195806,  6.14717342,  3.42239795,  0.        ],\n",
       "       [ 0.        ,  1.96119782,  3.42239795,  4.58122979,  5.53057683,\n",
       "         6.32118121,  6.98415783,  7.54021951,  8.00394385,  8.38596137,\n",
       "         8.69417363,  8.93447486,  9.11119792,  9.2273961 ,  9.28501966,\n",
       "         9.28501966,  9.2273961 ,  9.11119792,  8.93447486,  8.69417363,\n",
       "         8.38596137,  8.00394385,  7.54021951,  6.98415783,  6.32118121,\n",
       "         5.53057683,  4.58122979,  3.42239795,  1.96119782,  0.        ],\n",
       "       [ 0.        ,  0.        ,  0.        ,  0.        ,  0.        ,\n",
       "         0.        ,  0.        ,  0.        ,  0.        ,  0.        ,\n",
       "         0.        ,  0.        ,  0.        ,  0.        ,  0.        ,\n",
       "         0.        ,  0.        ,  0.        ,  0.        ,  0.        ,\n",
       "         0.        ,  0.        ,  0.        ,  0.        ,  0.        ,\n",
       "         0.        ,  0.        ,  0.        ,  0.        ,  0.        ]])"
      ]
     },
     "execution_count": 6,
     "metadata": {},
     "output_type": "execute_result"
    }
   ],
   "source": [
    "potential_jr[0:N,0:N]"
   ]
  },
  {
   "cell_type": "code",
   "execution_count": 7,
   "metadata": {
    "colab": {
     "base_uri": "https://localhost:8080/",
     "height": 483
    },
    "id": "CzutzcvDE9Oe",
    "outputId": "60bcba68-bece-4f1c-d921-dd17503a31f4"
   },
   "outputs": [
    {
     "data": {
      "text/plain": [
       "<matplotlib.colorbar.Colorbar at 0x2460974be50>"
      ]
     },
     "execution_count": 7,
     "metadata": {},
     "output_type": "execute_result"
    },
    {
     "data": {
